age_bin,speaker,prior_topic,topic_1,topic_2,topic_3,topic_4,topic_5,topic_6,topic_7,topic_8,topic_9,topic_10,topic_11,topic_12,topic_13,topic_14,topic_15,row_sum
6,child,topic_1,0.01106119059260901,0.008633866491651578,0.005315316810982091,0.021616028214253888,0.007691724300763234,0.0014616452739543932,0.0016799191765080508,0.001528041058967367,0.016038790479816562,0.004703202113799681,0.026873173223399393,0.8824976766175798,0.0010211119165725686,2.23554058859676e-4,0.009654759670282783,98.00242513916578
6,child,topic_10,0.002902003314323348,0.007423691658767506,0.0037209870093484216,0.00861297368517253,0.006493819156075143,7.977999368219134e-4,0.0014133679184999489,0.0022923040995161594,0.010466618062671261,0.00977329672913106,0.028192025493513774,0.9098553395068024,8.758982142778293e-4,2.053946099175265e-4,0.0069744806051611884,86.20536382938654
6,child,topic_11,0.0026243413989773304,0.06564395145470822,0.007490717074000806,0.009969445422543877,0.00912609556640286,0.0025668845980825325,0.001400818508574435,0.006435488660548575,0.012415575905913556,0.010728488919449018,0.15371983872923065,0.7046582757751859,0.0017369588210065393,8.625244406202721e-4,0.010620594724755482,17.850158232955717
6,child,topic_12,0.00320252696431556,0.006516624990222551,0.006761636961567274,0.009331298916269022,0.006349921813970157,9.110805700113107e-4,6.294240524529601e-4,0.0018922519567526478,0.006670358564433377,0.004402693897703366,0.014156504858588086,0.9335170886018522,4.935868255187268e-4,1.9177868595643302e-4,0.004973222340386378,458.1913197947282
6,child,topic_13,0.004268902777520452,0.06560005149700318,0.0029087228847925616,0.012886087610803952,0.008191962342282774,0.0021025156214323345,0.002079050953592747,0.0016944289982829038,0.008724975748517692,0.007214419158934045,0.03641718450509603,0.8378484637292101,0.003363101196714597,3.900194274575371e-4,0.006310113548359122,9.473602344880758
6,child,topic_14,0.0021420626851617855,0.013568913920275356,0.004565315797314857,0.007349161363197817,0.003285742048503613,7.209351189456304e-4,4.2301776490567627e-4,4.3846333214073705e-4,0.038631918263519534,0.0020751329016825996,0.010831044768672995,0.8541051310760587,0.0027939728681060398,8.713320362349842e-4,0.05819785605527966,8.489762089259688
6,child,topic_15,0.005221728853164223,0.006079639937469782,0.006491249420569093,0.018560624543406914,0.008118208339855743,9.309787196639906e-4,8.204401260193557e-4,6.811015086118822e-4,0.011595189754374208,0.002568177128994935,0.01109241079826313,0.9033767694027669,9.177568297874321e-4,3.7258834759425614e-4,0.023173136289458232,97.89398640622524
6,child,topic_2,0.0018696060420277925,0.06597715679690537,0.002804668062267695,0.008664131500408909,0.006934978599136565,0.0011363988601040722,8.867689727587999e-4,0.0024414482010797515,0.01084113525749213,0.005246938676223228,0.062464275040816815,0.824850539330575,0.001017496723343358,3.519743164816811e-4,0.004512483620378853,86.97232277399561
6,child,topic_3,0.0026007364896909794,0.018317518736757354,0.01944809986655648,0.007472420148782912,0.006213488812136101,0.0014046992760700012,0.0013332069596602263,8.309113677933541e-4,0.007025550924177725,0.001809860432055744,0.01692881972470515,0.9126244120325042,5.703229069847982e-4,3.278508374314805e-4,0.003092101484693477,16.58122711401248
6,child,topic_4,0.0058392672071991706,0.008617304105978055,0.003470118824009337,0.023677764906387722,0.006973570433614348,0.002329324586203934,0.0018216357077735837,0.003420279389833018,0.01817565310505639,0.003720441210731018,0.032458350541622286,0.8801703245892097,8.499858720777372e-4,2.2219838705549055e-4,0.00825378113324815,175.59526837057416
6,child,topic_5,0.0038396764755392458,0.010531477382995319,0.002978808179629008,0.011667475446855376,0.01468902987958859,6.774157531672255e-4,7.715863417092931e-4,0.0026721181520012204,0.009984560468253594,0.0030056628155022296,0.014141148554154867,0.9175338918605512,6.856779534640757e-4,2.2510904111889315e-4,0.0065963616954697905,223.66487775909465
6,child,topic_6,0.008692359020679488,0.004561344120508176,0.0030483976897352875,0.0188660508823035,0.005178457438635541,0.005746625272773226,0.002568223866225874,0.001570186687458874,0.011485364277660882,0.0022800940713428772,0.06709938224414706,0.860227582708252,8.624814693386925e-4,2.2531524839260734e-4,0.007588135002545945,36.33665845982878
6,child,topic_7,0.013007589469646388,0.011107460460868301,0.004044042936869059,0.024247079423034716,0.008039398236250604,0.0027599153165278633,0.010299740246856997,0.002711433835174194,0.016810977152435076,0.004426679341720535,0.03455517616733211,0.85845689194272,0.0010093936117051964,1.5613909165711654e-4,0.0083680827672019,22.265884631968845
6,child,topic_8,0.0018442753557600937,0.006948684015708773,0.0052975205284322355,0.01281811088493511,0.008944878487343827,0.002009991735027944,0.005153974530879514,0.00997542320482404,0.008103159704315011,0.007278170551983066,0.037729583322647475,0.8902833680056049,4.8539816746150425e-4,1.654479897031756e-4,0.0029620135153732245,37.27272209931953
6,child,topic_9,0.003671644038142657,0.015878440763587513,0.0034532880395435027,0.011757557388822596,0.00588330527724513,0.001412834227242349,0.0010425975032389843,0.001146887944375348,0.021814444735273757,0.003488169228759718,0.024184636748909197,0.8957682625901314,8.239385339048412e-4,2.950360858102963e-4,0.009378956895012726,203.41674636263664
6,child_self,topic_1,0.008609825643427124,0.008094861166628959,0.002969521250724344,0.026674890216396848,0.007424510209581897,0.004935141280945958,0.004555851289449215,0.0018044023441494907,0.012466633052244387,0.007155940532903392,0.024894385725950412,0.8803870832563861,0.0012401514142750326,1.5210718469957412e-4,0.00863469543223727,7.4147731456377795
6,child_self,topic_10,0.003595102502871445,0.0277117960650882,0.010909596005262798,0.01259593517123712,0.026765593883372067,0.0026968286689724994,0.005508626046230165,0.006353598182846539,0.01164594148225574,0.07153441620715106,0.10783137944647397,0.6678406702291163,0.0014336888907602742,0.0010209978140047293,0.042555829404356975,6.797353829515242
6,child_self,topic_11,0.004056416679336212,0.09391331349284532,0.008128119397685207,0.02269982248041738,0.022039776941132586,0.006485889738137047,0.004078924337204845,0.016191581986393425,0.013773552878152216,0.017455149262766936,0.5054097061376642,0.2731042053067541,0.0018051623087450336,0.001166921462431776,0.009691457590333682,36.9301765906631
6,child_self,topic_12,0.004085695089981088,0.007617689912337452,0.006506166250576845,0.012473628890858724,0.006773076716351668,0.0010775676157790085,8.607288040377089e-4,0.0018526756959419673,0.010873613191200407,0.0032189108441315426,0.008462795904268228,0.9287733194326826,7.188150431171813e-4,2.1438412762642782e-4,0.006490932481109141,1386.4204116134556
6,child_self,topic_13,0.0035750559108901686,0.06318413790561898,0.011101272317178553,0.01567286133516507,0.006321225054247403,0.0012559854791194963,0.0023126047237355895,0.0032374195203748886,0.014203558614734327,0.00709657692196247,0.0361723489741712,0.8109316020510606,0.0029739011098546967,4.1620787279066546e-4,0.021545242209095823,1.446883030581841
6,child_self,topic_14,0.0027145341890361754,0.06012422888190874,0.0033199103835822347,0.012950393595217952,0.012139864287704338,0.0019182368454848775,0.0029369548540122757,0.002440020682046158,0.024481902511949143,0.011445096581793551,0.09254180038385515,0.7534801031824696,0.002071979351893156,0.003500390076989658,0.013934584192057047,0.41231694840374505
6,child_self,topic_15,0.003688792229121441,0.02533460084381088,0.0031897908806555668,0.014046672322362877,0.026441756569960995,0.001914659168549853,0.0013436640304680433,9.487382573786043e-4,0.022740356184908123,0.016879073059957023,0.016495108110507712,0.8078238160938522,0.004460833999698692,4.1243243589966447e-4,0.05427970581286821,12.42889036760502
6,child_self,topic_2,0.002927924631960129,0.21182194379153121,0.009843593114519976,0.020306427229762468,0.015403260718278548,0.0035919510070710164,0.002577003456715722,0.006793979435301562,0.056745527670125175,0.008776868037225652,0.17884172072530358,0.4559254594401584,0.002942975385945973,0.0015881572113660499,0.02191320814473462,20.95494348611621
6,child_self,topic_3,0.0024104021888131967,0.011608020827476416,0.00930679260225658,0.038364867113944566,0.005792843955974866,0.0010404410401480017,8.621448105435254e-4,0.008265711588695181,0.008208115373045872,0.0027194593756158457,0.015614423414149948,0.8897801387583466,6.143758215449467e-4,3.955497479382213e-4,0.00501671338150622,7.768850108762319
6,child_self,topic_4,0.01581169476239481,0.013029597633362682,0.003965063779830402,0.029458528208897158,0.007374144503384908,0.003705595332501595,0.002997618631477451,0.001996928303379294,0.024786183971506365,0.006435484456497475,0.033172902037543556,0.8465002035305828,0.002054420054913707,2.6150739017942915e-4,0.008450127403548474,22.182624819004122
6,child_self,topic_5,0.005412284185760454,0.01604084828631885,0.005408520458981521,0.017507782919121223,0.014421519498068311,0.0030824651212244974,0.004708121257773954,0.00294496413631865,0.010294238173875866,0.011487857447615511,0.060913362109061335,0.8330014084009474,0.0019719677024112228,4.333956396423969e-4,0.012371264662878833,13.431656878806937
6,child_self,topic_6,0.0055989976954913,0.017478666297110555,0.0061789252239634745,0.01607228105638915,0.011667466792374893,0.006171057762949267,0.005283417164959355,0.007345057017327911,0.012279921813822781,0.012481044642553405,0.16129518533684117,0.729288158633267,0.0011458063101907753,3.217566450749164e-4,0.007392257607684048,2.2825242130573007
6,child_self,topic_7,0.010973151043468833,0.015269802691454242,0.005557128780021236,0.017212532290474657,0.013070029462894643,0.0042939453566181165,0.0059858985870210385,0.005079014612922762,0.01917057053271685,0.11934439465323683,0.14003935077146462,0.6309566972613817,0.0011070227080711048,4.926333471615778e-4,0.01144782790109183,2.1352413275073863
6,child_self,topic_8,0.005924397628167141,0.030093297847965723,0.0036589453500236084,0.028392854168040136,0.008061788560987758,0.0034915387210438338,0.003535835421347954,0.00939087927022644,0.009134380083236698,0.034863987469334,0.15767529893066726,0.6899825148935737,0.0026989935254544866,2.796451985682764e-4,0.012815642931363067,3.9943688502628194
6,child_self,topic_9,0.0048448205818220685,0.021397797514908123,0.004379457470672359,0.02321726879054515,0.008515027371482868,0.0018529510806939704,0.0015163191997997828,0.001664003539052677,0.028856634253109612,0.0036661218017835823,0.027210723947350857,0.8499957365654235,0.0016654210972681398,3.05767408047481e-4,0.020911949378039817,21.474047562192
6,parent,topic_1,0.246398137855984,0.030300286344211284,0.0035379500614633424,0.11334183291057627,0.09633201556649931,0.025119309735096327,0.021146089882832945,0.017610063117445278,0.10072685062685216,0.03916862655538568,0.007332840657848093,0.23351043381686168,0.0050589915330105425,0.005134587605849233,0.05528198373008389,6.516337690536095
6,parent,topic_10,0.03002731396487878,0.0698231379943067,0.004740181771475674,0.084322083717079,0.11273910100268951,0.00938537926007991,0.010415838853969087,0.01907567025789901,0.09034107550840184,0.16665383001791448,0.038233089940505637,0.31870105706737595,0.004886924233356252,0.003613234172606355,0.03704208223746178,6.760831867179934
6,parent,topic_11,0.04829127527323577,0.12952449800127377,0.007076207948549035,0.1214296495626164,0.08427656081347659,0.0302765482284439,0.01654653569845024,0.047220890132602465,0.10471541363818737,0.06319124582487222,0.12248809455645082,0.1919699894448996,0.009579861686099492,0.002455979957403636,0.0209572492334387,36.82707262041196
6,parent,topic_12,0.054887733447591215,0.043834750768583695,0.010097412920509358,0.09853477053854201,0.1244681334013675,0.021050780384274707,0.012790299566320823,0.020652524713204126,0.10585260853832708,0.04620319102798545,0.008197379301352996,0.38485417718787307,0.004673254657338396,0.005137803097946995,0.05876518044878257,1358.7571921458446
6,parent,topic_13,0.06351014572133218,0.10579715014860847,0.005901774866839795,0.14043234590972906,0.10004289971945451,0.026922689949881774,0.023206622221107604,0.013448103338389032,0.1114891184008836,0.06760411689580496,0.028063751189367665,0.14919745441858548,0.08240243265866956,0.02447338196457869,0.057508012596767535,1.1995245552997622
6,parent,topic_14,0.04578483004414392,0.08297605413738263,0.013459668704040124,0.08521168989356374,0.15434278530874915,0.019374795635666794,0.011605176919618806,0.019168050843904737,0.15529029437489775,0.04337836005734954,0.030925003989620725,0.2283430464341315,0.004729837984804232,0.05082280506155574,0.05458760061057066,0.4058413253888652
6,parent,topic_15,0.04013437269542099,0.04939543741003603,0.0027948334882585114,0.08573399542793596,0.1558445845382235,0.034614694896999726,0.008984711878329641,0.012501549063209747,0.09695179808426047,0.05639350573765752,0.021144279559853887,0.20803247250021867,0.0026939338383581697,0.0065721070822521675,0.21820772379898498,11.854062865149725
6,parent,topic_2,0.04889946269537618,0.3402135140784159,0.014981213150047596,0.06847027784038338,0.10470946923115532,0.010561109996963023,0.011006217890571823,0.01412105233982992,0.11716090858885743,0.028860479824813507,0.06325540475088945,0.128667767375179,0.0069354107621341825,0.004861297026263898,0.03729641444911936,21.06151867197123
6,parent,topic_3,0.020127945605848848,0.031984965155655486,0.04619234241421889,0.06188277107320755,0.1556749740024853,0.016564398468253125,0.014855450258277956,0.013713218694496859,0.05684708574537521,0.0643228087211008,0.00497566376680802,0.43806466542946537,0.002685092906380743,0.002475558183707093,0.06963305957471876,9.272063318178411
6,parent,topic_4,0.0942907553615343,0.03392233090187016,0.008246246385840027,0.25377589265897976,0.12746765202328733,0.031203448906407784,0.028634504914780673,0.020457373646613496,0.08161274163202682,0.03395242619461486,0.008156425584821126,0.23078677444980564,0.004173740578050318,0.0046360871441585684,0.038683599617209075,21.82183713521983
6,parent,topic_5,0.04988035398304957,0.03364293876804464,0.004937960739232594,0.08977800273256997,0.2787481834080029,0.025324065636083633,0.01591348683955094,0.021065520844536865,0.07912692784594191,0.052327626437279,0.009763406753789814,0.26787539095019985,0.00976771928754371,0.003666506238474578,0.0581819095357,12.299739303673464
6,parent,topic_6,0.060659160121597666,0.041589470889731715,0.008315471558940577,0.10863487274515463,0.08675015436471262,0.1865777827006084,0.051164415362693276,0.02227399859435608,0.08616133241596076,0.04791865364662594,0.023214753273229357,0.22270666996038763,0.00428884892550411,0.0027111098793637166,0.04703330556113354,2.235334346787725
6,parent,topic_7,0.06343763075161006,0.046454820635905995,0.005369373030231614,0.1660519262295304,0.09365840810049136,0.05838566259503635,0.11099136837036631,0.060367887412911984,0.10913586486888333,0.03558649533132564,0.009668832443476407,0.19825993728332314,0.0044034820430256414,0.001548833767463715,0.03667947713641809,2.001298799626931
6,parent,topic_8,0.02588018853051462,0.07698181712571128,0.006770969368659562,0.12673584465209017,0.22545801988281092,0.025567226840192057,0.02583794917109542,0.147333893380142,0.05841436974716527,0.030483618434168667,0.023196875658735322,0.20175019440073969,0.004764718796437324,0.001586695106732359,0.01923761890480538,3.364900289040184
6,parent,topic_9,0.050723598780538316,0.04830388206819607,0.005130952670606806,0.12471332446033608,0.13451013300318904,0.022120682239163074,0.01724510648347229,0.00827282357962195,0.2743372771733577,0.04548878208277599,0.013022304873785924,0.18583049740451096,0.006463816614931653,0.011583121575323664,0.05225369699019058,16.30998837577528
12,child,topic_1,0.02989771407504589,0.07604947925658719,0.00770916396338131,0.019699568401163485,0.04057215512495366,0.0057558114807429025,0.010204973470573758,0.04221471298553517,0.02771282254592573,0.03495400020652678,0.312384401106563,0.33343897551677204,0.025216978907288794,0.0072708420094664186,0.026918400949473814,225.00201435906925
12,child,topic_10,0.00985807597713224,0.1011359232420895,0.006323014005062094,0.021828062964384616,0.04191609088472951,0.005005982296777502,0.005904066314423674,0.04516299688862702,0.03424469751861786,0.08403452672430058,0.26254316097212627,0.2727045095432652,0.057748288155371134,0.012690927487452363,0.03889967702564041,345.26173477441876
12,child,topic_11,0.009724780471746892,0.050517542967346896,0.005683206056109425,0.01787784547106174,0.0315941504855361,0.0069697858385749335,0.007212253140615848,0.05898859165919628,0.024871881210856206,0.03685614423409393,0.5663733582419203,0.0959078116698293,0.04119504282894671,0.006724628945531331,0.0395029767786342,355.6530507638237
12,child,topic_12,0.017042628315055926,0.12231210597052808,0.008818074929091068,0.017687907838843407,0.047981873523332476,0.007642956716911327,0.005445628342920795,0.04725084974422327,0.03939016139625327,0.05093449559699442,0.14181118177710836,0.3983992383298735,0.04369610353645481,0.01049453769229501,0.041092256290114273,391.9368943701777
12,child,topic_13,0.005350950214874468,0.09761105973527291,0.010793329704499916,0.027804373960011904,0.039766974106511054,0.006738146023717403,0.010133040420255675,0.047178786923104,0.03539454343355949,0.06941336472015001,0.2229413225057795,0.13344009972821655,0.21458477598705483,0.01823152450589718,0.060617708031095126,139.41444544082447
12,child,topic_14,0.018254016122478647,0.16951902118589882,0.009971095240606229,0.020541393508046107,0.03337476055837358,0.00805548118106392,0.011946659663622891,0.03483169813918546,0.0525785848197479,0.033578783466249804,0.1803190543435046,0.2733762545247713,0.0517588464288589,0.05262796061881158,0.049266390198780284,103.39845996516992
12,child,topic_15,0.008807790708003917,0.10412845337250279,0.003160388404436561,0.02288384619742293,0.042356759526489283,0.00798507069313201,0.0049771321915912875,0.04376629509915074,0.03313089632650393,0.04517151542110381,0.33943603584129695,0.1660256031506294,0.051965660695821377,0.010615550606003806,0.1155890017659112,240.45663371185623
12,child,topic_2,0.009079336549170662,0.2365610954657422,0.01146603606491663,0.013422467104267949,0.0346186500479268,0.006592283921553084,0.009403709041558475,0.03957237162270576,0.04253650835944468,0.03397459491607792,0.17804012030493874,0.28284390163529766,0.033796807884824843,0.01444434842090389,0.05364776866067075,488.0243374501531
12,child,topic_3,0.01126494406202735,0.1713420677515807,0.061687906452898185,0.01225958285751895,0.025223007801990653,0.004798069908485198,0.006206003724231615,0.029362655673093412,0.04062850639650803,0.02437662634025772,0.24962603743094097,0.26489813105713206,0.04485316444122034,0.02312940199167934,0.030343894110435518,35.84331097884582
12,child,topic_4,0.01369188084178259,0.06794060322007939,0.0054050789116340215,0.03889096800051604,0.0385195105996819,0.0074467585130666945,0.014986698114684638,0.07430758047569741,0.030966762477596877,0.03468710206167831,0.3059503460833456,0.2900836987203686,0.03469849673134823,0.01007894154114706,0.03234557370737268,226.452395117857
12,child,topic_5,0.014276678172985415,0.08054952106814187,0.004187759927830911,0.018638644077396644,0.05838235709893147,0.0046393710229765475,0.006733078071843612,0.03166121929278971,0.031881870388982304,0.03766480400265053,0.33777211661609713,0.2972808546976795,0.0348721860947257,0.008771937412238646,0.03268760205473006,435.94582530966926
12,child,topic_6,0.011072106446913999,0.05927057024982268,0.0043344215696273555,0.015228353341142324,0.022753906846315602,0.043052554161018775,0.01923560015449976,0.05715052234458918,0.04851650187543897,0.02574635844651397,0.44058182591441314,0.15058914144522237,0.045007276659023036,0.012190428861053936,0.04527043168440496,99.211616077669
12,child,topic_7,0.006164738849640658,0.07270997791561697,0.006629398243599818,0.027945902901131848,0.033314630923799333,0.01085289027392264,0.05494505285878663,0.14748789229859421,0.0406003672281127,0.02358159606154121,0.3438691875342316,0.133236653919868,0.0428161136409508,0.01721688780687144,0.03862870954333219,91.23820639192145
12,child,topic_8,0.012461595133436337,0.05337722313330647,0.005516233584506614,0.032989594544288556,0.02915586159078881,0.007933279477934117,0.016640165388972703,0.21828367051504458,0.02405406495962587,0.03138078244629754,0.31571855905387475,0.16363410004422782,0.02994096799986035,0.013183294826548656,0.045730607301286856,217.79845240934063
12,child,topic_9,0.007446040162570298,0.12925590985064378,0.00694703414504189,0.01199494475297721,0.037232753811583565,0.006729673500611358,0.013030454479405146,0.03935927648704588,0.061142617797463356,0.03541240894677755,0.2260186002098714,0.329553110599113,0.0427195396620459,0.015144429483284868,0.03801320611156476,426.946212535408
12,child_self,topic_1,0.06012085181338357,0.10155749775921319,0.02591014612194945,0.02105845328009565,0.07091365448807245,0.009730542789543701,0.011836505509133661,0.04318527553299438,0.034359871747895794,0.041620207408519155,0.2015925199483483,0.32719264093768113,0.017035353086043873,0.0070092099052523945,0.026877269671873334,51.46979064560756
12,child_self,topic_10,0.014883561985325307,0.11897990851887155,0.0059356008215979365,0.023675796957336372,0.056060203490392986,0.00820101623521571,0.007682274290737721,0.05333067285015468,0.042004036716169306,0.15303408797585555,0.2215129094109469,0.13541183089466607,0.08522490760895934,0.020762659078210514,0.053300533165560125,179.93833578949273
12,child_self,topic_11,0.006676429133220159,0.05096485475064807,0.006096812372763392,0.017154108292912494,0.03567671512519094,0.008520939470601922,0.01031558774782065,0.05761890088129029,0.02732663034073593,0.035490501798264955,0.5950026376284144,0.06565156879571887,0.03887386465005844,0.007406971914857612,0.03722347709750193,1155.6370098525606
12,child_self,topic_12,0.015620337918013087,0.08428916676085299,0.007522521873815447,0.014701237616111602,0.03064785901757374,0.004604869458178701,0.003235589291924734,0.02148978183875208,0.032409462445457296,0.022252420886523416,0.07695376880979442,0.6524095772849722,0.014246647264172766,0.005785594862334271,0.013831164671523307,1004.912613038673
12,child_self,topic_13,0.003363987213315393,0.10135678715835418,0.008388384239503412,0.02106029155608667,0.04959195995160262,0.005829141283516015,0.0113954977271822,0.046331220795878515,0.03843832157223165,0.08386463193723527,0.22444609912837973,0.06488544987062504,0.24833719382465916,0.02376659655512529,0.06894443718630482,186.19046035409778
12,child_self,topic_14,0.007692357865060104,0.14966630046766408,0.009525639423468207,0.021531176580527087,0.061283977878890145,0.006516573288419992,0.025800548551106316,0.04227541906730662,0.05265590949110016,0.06194352558633672,0.17657047657040237,0.08646919507825232,0.08524966154109118,0.12086596294667733,0.0919532756636974,51.350679786383346
12,child_self,topic_15,0.007371049258887035,0.12310267050723414,0.00939187575324042,0.0252170735289075,0.05115103210058915,0.013278224189384687,0.007261149237042014,0.06501142288175973,0.03503611084150026,0.04934835942446553,0.26197880797178447,0.07760837373277242,0.07301044709238212,0.017906037960144144,0.18332736551990633,185.3327383787108
12,child_self,topic_2,0.009389994850116054,0.3368602920553841,0.008648391174565541,0.018838864245562102,0.03311665313082342,0.005074176043089382,0.01023622864235469,0.042309081879076345,0.04970302769136508,0.044953622244279914,0.1386580674720848,0.1884240990904687,0.039091147386640324,0.019776056947071307,0.054920297147118324,423.5281246812522
12,child_self,topic_3,0.05986238026024948,0.14084809546345395,0.030051562080683467,0.015213340225224125,0.02926891137858842,0.005663723452096108,0.006638960282339137,0.03397093371717895,0.021115278741926462,0.03816126771876452,0.20257493440500715,0.3161390891445947,0.03953888014877687,0.01523063062244044,0.045722012358676144,29.508460303170022
12,child_self,topic_4,0.017111161567555256,0.1084299813286251,0.007010052811901838,0.07798869133075424,0.05388001575329793,0.009905456813393457,0.02711909670855538,0.09086674677350083,0.0328297351793167,0.05988078887116213,0.2297535127775601,0.15067403463057263,0.05882337598048431,0.0177928684283639,0.05793448104495626,86.67892627589201
12,child_self,topic_5,0.026108585654063352,0.10078294175601421,0.004214538574779453,0.023458101709641167,0.10435284825226533,0.007156627968002978,0.0089622512282465,0.04723174278705027,0.05778228505089588,0.060141272339014944,0.24320816280968718,0.19350805223053477,0.05453191026905742,0.010052889037342793,0.05850779033340381,159.0611119148127
12,child_self,topic_6,0.012166012595215409,0.11101534034392713,0.003106600584704233,0.014582718699454274,0.03582676774134066,0.08235180067698127,0.01616751051096461,0.08392487185347,0.04640943007297745,0.02765383461738406,0.3468247801657946,0.10331241451718803,0.04761471572156448,0.013123551160672873,0.05591965073836083,32.72814631136582
12,child_self,topic_7,0.010757223461088256,0.07351016713705227,0.007641034947106241,0.02774781243537768,0.02594893444684266,0.01167655468054108,0.1351876141906764,0.13171485989520137,0.04322893144856636,0.02868110945118073,0.2921862630615614,0.06280445428207437,0.06632811963286481,0.023984762343637125,0.05860215858622917,43.6420104336981
12,child_self,topic_8,0.014685429755488809,0.07639413787382494,0.009136968117598185,0.0349839697372541,0.03792832035411062,0.009651723725131664,0.02345294996703281,0.29847028327754577,0.023804162859028644,0.030692610907735965,0.24850665057083055,0.09110988375311115,0.03446249961369461,0.011912033459407164,0.05480837602820505,226.2465767054199
12,child_self,topic_9,0.011419143465951225,0.1394655306510045,0.004875905456493855,0.0155253079683239,0.04820001140088147,0.011811513156735544,0.013188569714144602,0.029758972033455136,0.09410192271173434,0.0468194670417415,0.23929590343735788,0.22667949720671504,0.05078209877511093,0.020308467957061063,0.04776768902328896,159.02873547450034
12,parent,topic_1,0.20882767346261266,0.09625379667925446,0.0078988655792211,0.0485973980501646,0.1288500899785714,0.019881648522828137,0.016140728423096697,0.06033355693799462,0.08735347469935442,0.05857836462284445,0.06986557704005272,0.13217736136892827,0.012093569327534585,0.017379779761083108,0.03576811554645879,45.65313765244537
12,parent,topic_10,0.03623058597133375,0.10326841609273259,0.007935258783786169,0.04491979436842858,0.08780709175301121,0.01200300268618977,0.01356484570540452,0.03768104563721819,0.08322678557691773,0.25992974767422805,0.0784017719875517,0.09493945284108944,0.050934932427523776,0.021635660425647255,0.06752160806893728,158.90925003146629
12,parent,topic_11,0.05630272802564103,0.0766297947242208,0.0057586479639842696,0.05663873654649572,0.1235568910316906,0.03760886397115451,0.026758867566985037,0.06218583815965678,0.07939678187827767,0.07851536596666189,0.23360559441009232,0.04944851624652855,0.027239288472741412,0.016757759127016953,0.06959632590885254,1122.2298784811483
12,parent,topic_12,0.07232539225397185,0.13163128410899166,0.008726486435615476,0.0636533729772152,0.12235361243679649,0.013652295076063426,0.011267291924267323,0.028942815832788783,0.13158901868579306,0.08175045170660805,0.035419749395440854,0.21494696556431336,0.017242805740193566,0.027225480211619652,0.039272977650321256,985.1914138751891
12,parent,topic_13,0.023687790705036765,0.09703535574044898,0.012657637819496201,0.04372871294918101,0.06463200464432504,0.016471849124077117,0.02477361298365965,0.03778992130556303,0.08660679046869671,0.08892089590695434,0.06895591625201332,0.0818261480013763,0.26107236971826264,0.025677331246515184,0.06616366313439367,164.26301376650926
12,parent,topic_14,0.026168422720729924,0.1558434913003636,0.011156322039799412,0.03506884990383481,0.05250735953656832,0.018107761394085944,0.04410068320527536,0.0410904327961872,0.10299395191082676,0.08450656691226589,0.050977500601738085,0.08947449398819486,0.04805623208051068,0.18508253210830558,0.054865399501313514,45.89151922404676
12,parent,topic_15,0.03310784063495222,0.12609216034628687,0.006559439264874177,0.04878626796542484,0.077972073815165,0.017072889492919605,0.021465712592895432,0.05940482571509603,0.08693928283851052,0.07413428678802163,0.0687307099422558,0.08424430051641109,0.04087647759140001,0.018768569851683858,0.23584516264410293,164.26853441116683
12,parent,topic_2,0.030963564298757285,0.3508932294031368,0.013369562127450923,0.028120807410484908,0.07663583548826185,0.013600586996878477,0.013960318404229146,0.030204462006718655,0.10574846445446981,0.07195442666098158,0.04298838809268882,0.10009316712064513,0.031188741731280202,0.03691305262760346,0.05336539317641293,401.62912892914966
12,parent,topic_3,0.08025134554920055,0.13644300170931573,0.10310301997648522,0.03543430944736016,0.1164585618381616,0.011328312617643398,0.014369548565426694,0.03480439886971661,0.07837726937929251,0.06942164565425406,0.0834415052907754,0.12875558448321112,0.030380273002680147,0.046558382092499885,0.030872841523976895,25.56897911718694
12,parent,topic_4,0.04068393503182019,0.08436162717912138,0.009072657825821236,0.179673810235248,0.08875569889063151,0.017860630920483966,0.03424702023255256,0.06733537060419582,0.07653627671531833,0.08919576476149592,0.09271983401833436,0.0950111540259131,0.044353151462968254,0.025127170161687532,0.05506589793440776,74.87704102907882
12,parent,topic_5,0.052017214991450775,0.09973414746272821,0.007956908339231216,0.046037630779158775,0.24855886133883467,0.015535180783294718,0.010960351052188429,0.037696395219593934,0.08912621428179392,0.09129224041587229,0.06977831986048595,0.1126949596560466,0.03502341699072311,0.02348009524959858,0.06010806357899877,149.75140311595212
12,parent,topic_6,0.03910364048940173,0.11650256372198287,0.00552961432528532,0.057508390050030826,0.053819652209055,0.19818758275856777,0.02395181482135785,0.03675840232166308,0.11135502624887912,0.049872052669296084,0.14167129934464115,0.07094098025402795,0.027526221683184162,0.018236604182729477,0.04903615491989768,28.053749670092934
12,parent,topic_7,0.028906586288715532,0.10136638612223842,0.00701693453806862,0.09865612746065876,0.04503325114702259,0.047537867479044434,0.21859759855595812,0.09960911781006042,0.07877978872825395,0.04505553311404141,0.05585345649960926,0.062085858199696295,0.047149514023187025,0.020313794148938278,0.04403818588450691,34.78411862590399
12,parent,topic_8,0.03071270266062998,0.08369577450702735,0.006808575543639585,0.06603253664723191,0.05438971654059426,0.023131172514840512,0.04641354539435611,0.33017777270565724,0.0620705638748667,0.05955091552247839,0.07441943664327685,0.07404251845893031,0.0359791461168241,0.011715431560666827,0.04086019130897991,199.26006218166611
12,parent,topic_9,0.037947938306866456,0.13159728389443406,0.009137927799211359,0.044951247182400414,0.0825992101918915,0.02431129660010432,0.01957364530879189,0.025230005465983044,0.25925754095497067,0.07561571084472131,0.05390244628229959,0.11310572114282423,0.039825794892848265,0.0344533824202786,0.04849084871237433,139.6148271403843
18,child,topic_1,0.045697422629677784,0.16065788798267647,0.014057458650313288,0.02992794197388713,0.060509825830512835,0.016570600368265968,0.017788050918768072,0.06599305076517259,0.03125642061799581,0.06267201074353913,0.20674178423204664,0.1638845132835105,0.06261547308954406,0.016858597275776037,0.04476896163831367,980.454269134517
18,child,topic_10,0.029452481361847048,0.13343940521990835,0.011903273215318335,0.026666820760765392,0.0735398505572028,0.012453966736457586,0.010005869203772874,0.04200068020862888,0.035429392059689126,0.13728881492661318,0.13692508131902173,0.2279499212381821,0.07682911581319556,0.012574539662005823,0.03354078771739129,1495.3405402923813
18,child,topic_11,0.018647949177656623,0.06755584312564925,0.009316770572922463,0.021449677236755182,0.05936040548792058,0.015136248636784522,0.007565270138567642,0.0620207277054253,0.020006397764679367,0.03836302057980154,0.5285128690962404,0.07846020909171088,0.02910623903713474,0.00796803405266709,0.03653033829608451,1008.9628743026344
18,child,topic_12,0.026009252642992847,0.1619320805225578,0.014018982359364848,0.02859498585358329,0.07990668464769238,0.02095940691161653,0.016569810044631636,0.05459853165952925,0.04498691322587876,0.07725179929670063,0.11579958627061185,0.20785146038137475,0.0856920104214768,0.022891363762630255,0.04293713199935837,1393.353200421259
18,child,topic_13,0.020977660654829956,0.13135006652268544,0.019060018424638194,0.024329059346828347,0.04535624510943115,0.015929731390978873,0.019595773412849887,0.02250382174001035,0.034549657754027,0.08088375603286252,0.08707304546106517,0.14535140372183647,0.28647834095220154,0.02961134178703348,0.03695007768872166,740.6351783873343
18,child,topic_14,0.024225200626850463,0.16913777167751695,0.007257783504406543,0.025155112824445373,0.04550155838108776,0.02060270431261273,0.03382804364986883,0.029286308362849005,0.040718905939714604,0.06295244270173568,0.13311598025285398,0.17597299819784645,0.10692782754890057,0.08907010836382222,0.03624725365548878,397.4907710611661
18,child,topic_15,0.024014152275160187,0.11322455203262351,0.007144409887961826,0.029458519461704268,0.062172998729533406,0.017837415202070484,0.013314038176992858,0.0497558450895499,0.030852886873061564,0.059536521283496825,0.2038150662630579,0.18950843670640677,0.07119790994338374,0.014483630338923865,0.11368361773607284,792.4875229130546
18,child,topic_2,0.023105964262445787,0.3128948326875893,0.010879758891105457,0.019823075921169817,0.05490724677572959,0.011073032029803217,0.01493715264808472,0.04384316045624208,0.047723781289272724,0.05921763247049089,0.11555969068817057,0.1637447706103208,0.059221558068967055,0.018007789070141646,0.04506055413046632,2298.95571916477
18,child,topic_3,0.024912427521273938,0.18541723495193804,0.16529548311227277,0.017189573383191704,0.060115022361070206,0.023219759555870276,0.00913603199954412,0.03490860980828571,0.03309154168310934,0.05904770031533202,0.14918622119002828,0.11038565538210134,0.0830547396472227,0.02374870870519833,0.021291290383561163,147.4995901254097
18,child,topic_4,0.027836312202240036,0.12137803421223109,0.013296068165006218,0.0618864561231344,0.07157528096054025,0.020316557066012864,0.015128462198151206,0.08174160771959942,0.03239876828638853,0.05522309747084149,0.18878777453618265,0.1735397736065121,0.06949583674206758,0.017626771922656197,0.04976919878843594,863.9406203552729
18,child,topic_5,0.02433814808472731,0.12078834066696646,0.011815086690995898,0.026126216434674436,0.11069931528466675,0.011591021249014089,0.00813279162726889,0.0480621341217552,0.030218490237204854,0.05826737232932177,0.2037264112881669,0.2444704326696739,0.054802660439800914,0.008744840223501488,0.03821673865226111,1772.4196205398978
18,child,topic_6,0.028116876664076293,0.10413414558668796,0.007716337920893701,0.0313504024473021,0.04938415499863526,0.0777205576306432,0.02391305246549997,0.055769029666712815,0.029803180711732494,0.0490075684247258,0.24818408194618938,0.16827646323173642,0.05896739126229105,0.020015941036572307,0.04764081600630125,583.130653115025
18,child,topic_7,0.030740317420494552,0.16328613598716954,0.0074893117258040915,0.030069797713803942,0.04079441534142263,0.02279181511307218,0.08416421827944308,0.05728916760124514,0.043086134578917044,0.06591904649567347,0.17898139712771016,0.12108765031129266,0.09018941063188764,0.027135917019550006,0.03697526465251387,428.8875020531709
18,child,topic_8,0.033800262338817465,0.0880249546522792,0.009651877891389797,0.03471594056759234,0.05988364745109567,0.01637195107019997,0.013869459522676438,0.25523249661553826,0.02429359055773257,0.03952543416941855,0.21114789597200576,0.12940795293533605,0.03729412636554931,0.009584764171997164,0.03719564571837149,806.6174537041509
18,child,topic_9,0.01910083657513769,0.19836016847125582,0.012990586118935303,0.024506763365778294,0.06000332234903013,0.01364694821433563,0.018349495956038044,0.04387504840133051,0.06532185027642651,0.06951619546872172,0.1362399823947905,0.20178729804163753,0.0763624415221268,0.013362941199582326,0.04657612164487324,1698.3775626989902
18,child_self,topic_1,0.09763622514306625,0.1371148476807337,0.012454827790450844,0.03088791072519683,0.08441747711756145,0.023079165623332745,0.019465788842578817,0.06950000111443173,0.037243759909376756,0.0728270532620475,0.11714153506843501,0.1641208573422758,0.0718833319122064,0.019161951140262055,0.043065267328044186,439.64829861341013
18,child_self,topic_10,0.031125813404411826,0.14257907627017777,0.007459987160716357,0.02371687409029526,0.07704344516966412,0.01833470080263785,0.01744023102500179,0.0398862817727366,0.041144879894800854,0.17563061045875508,0.11331007296148994,0.15779200158366058,0.09298629563314123,0.020095139929517915,0.04145458984299289,1118.4782733213758
18,child_self,topic_11,0.015931436142076198,0.08052002396238912,0.007524023723075085,0.020746436766406487,0.059911473987087106,0.015416223725405886,0.01047055172614313,0.06357354631897472,0.022965367540919258,0.04371033075415236,0.49555122296215853,0.0782943097032317,0.03571383859684294,0.009825921543455698,0.0398452925476818,2862.323281978598
18,child_self,topic_12,0.0238064913448792,0.1270649071105237,0.011461564554886866,0.026780513919610924,0.06773932282896965,0.014370475082998081,0.011399898228719538,0.03754658024248851,0.037505261695094,0.06069401534840637,0.08509753483894891,0.39089826064121586,0.05794362301560349,0.013155236099338134,0.03453631504831681,2987.6289057527847
18,child_self,topic_13,0.02217898078275187,0.11596808815067139,0.015056141025115571,0.02864637880271126,0.04862881570911768,0.018458640942088756,0.019961361301550976,0.02773958054629335,0.03605772619538143,0.0838915890854613,0.08768929716497365,0.13385851791090342,0.29331641407637765,0.027946278154245104,0.04060219015235658,1220.9286273323837
18,child_self,topic_14,0.024692171050827914,0.15139963226081068,0.005389361443369309,0.034505880673469276,0.04853047936277042,0.017877380545378005,0.037139978221859805,0.03174524879397538,0.03935183713040414,0.07221240829071975,0.10261934511744135,0.12661803507916447,0.13142004210764677,0.12761056161509732,0.0488876383070654,293.33581636199057
18,child_self,topic_15,0.02436468789905652,0.13410257168959827,0.00766586919763405,0.03464124700407706,0.07253526648932877,0.02087068149984556,0.017032237897537692,0.05757746494017227,0.03745602530918135,0.06139349138676331,0.1590947760903609,0.13355552915558178,0.0679001869680633,0.014408224446091716,0.1574017400267074,714.1632528314823
18,child_self,topic_2,0.022761357178949393,0.3550868174728012,0.01328038024727706,0.01904471515755644,0.05074658893006447,0.013910019307422597,0.016501198388880076,0.03740187460677309,0.05039226906097622,0.06092991736086479,0.0937075702330236,0.14423615509029056,0.06155805466178685,0.020078629516944967,0.04036445278638877,2528.6711237349846
18,child_self,topic_3,0.017482487029211027,0.16187006655767366,0.24102930262981281,0.02216896379824148,0.04724013706674269,0.01359656731048605,0.010321564504459563,0.030866458289022496,0.028941496207389065,0.03946483034912629,0.11021616333849692,0.15739142088982436,0.09362855381087619,0.010086763332965383,0.015695224885671964,203.1060962358245
18,child_self,topic_4,0.027334836350074557,0.10749536107858418,0.011497716420710218,0.11405208855643055,0.06174404112161765,0.025894882402564746,0.022902294849986897,0.07885905712853034,0.03551075807419171,0.05719012301133077,0.13721497512643174,0.1659438116940967,0.07831644059038118,0.02162754950226233,0.05441606409280637,473.43666010523856
